[back.jpg]
filters=Orton=1,50.000000,19.883041,0.000000;
moddate=8558f1f74de3d601
width=2880
height=1800
textactive=0
